580.398083
580.384970
580.576897
580.568075
580.559015
580.532074
580.600023
580.994844
581.115961
581.158876
577.270031
577.242851
577.232122
577.224016
577.215910
577.208042
577.198029
577.187061
577.178001
577.350855
572.849989
572.835922
572.931051
572.905064
572.890997
572.864056
573.261976
573.256016
573.311806
573.450089
568.783998
569.688082
569.679022
569.667816
569.660902
569.651842
569.628954
569.756985
569.633961
570.478916
565.459967
565.448999
565.438032
565.595150
565.586090
565.575838
565.551996
565.990925
565.874815
566.470861
562.094927
562.070847
562.062979
562.054873
562.047005
562.018871
562.011003
562.141180
562.245131
557.695866
558.070183
558.060884
558.034182
558.009863
558.001995
557.993889
558.017015
563.281059
558.326006
558.300018
554.012060
553.997040
553.988934
554.141998
554.132938
554.221153
554.105997
554.095984
554.136038
554.197073
550.081015
550.337076
550.322771
550.312042
550.287962
550.278187
550.256014
550.246954
550.239086
550.628901
546.123981
546.112061
546.101809
546.324015
546.314955
546.305895
546.282053
546.266079
546.257973
546.638966
542.602062
542.597055
542.578936
542.571068
542.562962
542.555094
542.549849
542.541981
542.686939
542.609930
538.368940
538.361073
538.333893
538.325071
538.317919
538.308859
538.311958
538.325071
538.484097
539.530039
535.018921
534.986019
535.012007
534.981966
534.956932
534.947872
534.933090
534.924030
535.974979
536.108971
531.615973
531.600952
531.592131
531.574011
531.567097
531.713963
531.706095
531.698942
531.690121
532.130957
527.920008
527.915955
528.174877
528.165102
528.156996
528.146982
528.119087
528.110981
528.102160
528.382063
524.075985
524.067879
524.048090
524.132967
524.124146
524.115086
524.108171
524.296045
524.460793
524.326086
520.356894
520.615101
520.607948
520.601988
520.594120
520.570040
520.563126
521.018028
520.956039
521.767139
516.784906
516.774178
516.764879
516.757011
516.737938
516.729116
516.711950
516.701937
516.695023
517.081976
512.717962
512.944937
512.919903
512.902975
512.878180
512.871027
513.070107
509.274960
509.242773
509.233952
509.204865
509.194851
509.183168
509.174109
509.163857
514.366150
514.429092
514.483929
509.305000
509.931087
504.844904
504.830122
504.819870
505.086899
505.065203
505.029917
505.023003
505.061865
506.233931
506.844044
501.869917
501.845121
501.833916
501.825094
502.079010
502.061129
502.051830
502.043962
502.037048
502.143145
497.956038
498.186111
498.175859
498.167992
498.159885
498.125076
498.374939
498.236179
498.697996
498.672009
493.962049
493.963003
494.209051
494.185209
494.174957
494.158030
494.141817
494.318008
494.302988
490.461111
490.468979
490.462065
490.453005
495.660067
490.456104
490.447044
490.519047
490.468025
490.668058
491.894007
486.954927
486.942053
486.800909
486.791134
486.779213
486.773014
486.763954
486.766815
486.860991
482.815027
482.811928
482.803106
482.743979
487.704992
483.002901
482.920885
482.913971
484.318018
484.473944
484.804153
481.405973
481.391907
481.382132
481.373072
481.361866
482.035875
482.028961
481.995106
482.019901
481.993198
477.138996
477.127075
477.108955
479.799986
479.793072
479.773998
479.768038
479.848862
479.916096
479.832888
475.438118
475.409031
475.398064
475.491047
475.466013
475.477934
475.469112
475.457907
470.569134
470.643997
470.633984
470.643044
470.633984
470.627069
470.618963
470.612049
470.139980
465.785980
465.770006
465.775013
465.769053
465.790033
465.753078
465.737104
465.728045
465.719938
465.801954
460.943937
460.935116
460.901022
460.891008
460.887909
460.863113
460.855007
457.671165
457.656860
457.828045
457.818031
457.792044
457.782984
457.758904
457.728148
457.750082
454.036236
454.221964
454.213142
454.188824
454.144001
454.168081
454.142809
454.135180
454.128027
450.578928
450.563908
450.564861
450.557232
450.731039
450.711966
450.701952
450.693130
446.567059
446.694851
446.660042
446.651936
446.641922
446.632862
446.621895
443.090916
443.076849
443.027973
443.049908
442.993879
442.984819
443.038940
445.158958
440.410852
440.400124
440.388918
440.378904
440.671921
440.639973
440.629005
440.618992
436.609983
436.593056
436.579943
436.838150
436.825991
436.805964
436.769009
436.756849
436.744928
433.103800
433.086157
433.074951
433.062077
433.045864
433.032990
433.696032
433.685064
433.675051
433.668137
429.642916
429.924011
429.894924
429.886103
429.877043
429.864883
429.847002
429.836988
429.826975
430.207014
426.404953
426.396847
426.394939
426.394939
426.393032
457.268953
426.646948
426.623821
426.615000
426.606894
422.020912
422.079086
422.250032
422.237873
422.230005
422.219992
422.199011
422.182083
422.173977
422.160864
468.268156
458.314896
463.335037
458.323002
418.659925
418.648005
418.638945
418.612957
418.576002
418.568134
418.556929
418.547869
414.911032
414.891958
414.880991
414.869785
414.860010
414.849043
414.830923
414.821148
414.802074
496.678114
481.227875
456.240892
497.245073
491.657972
476.471901
481.750011
451.545000
451.380014
411.864042
411.828995
411.818027
411.805868
411.795139
411.776066
411.765814
411.754847
411.746025
407.742977
407.730103
407.720089
407.707930
407.680988
407.668114
407.648087
407.637119
407.625914
403.942823
403.929949
403.922796
403.879166
403.919935
403.829098
403.853893
403.830051
435.172796
470.857859
451.303959
461.555958
426.215887
401.096106
401.082993
401.072979
401.062012
401.052952
401.026964
421.587944
401.160002
411.470175
426.831007
416.650057
401.233912
401.513100
401.911974
397.152901
397.141933
397.133827
397.124052
397.081852
397.073030
397.056103
397.050142
397.150040
397.980928
490.089893
393.426895
393.686056
393.671989
393.665075
393.643141
393.619061
393.610954
393.603086
393.660069
395.007133
390.588045
390.576839
390.546083
390.542984
390.539885
390.537977
390.709162
390.709162
390.871048
390.842199
411.514044
411.490917
386.423111
386.411905
386.697054
386.689186
386.678934
386.664152
386.668205
386.641979
386.632919
382.906914
382.932901
382.905960
382.895947
382.888079
382.877111
382.869005
382.858038
382.833004
383.147001
379.114151
379.118919
379.392147
379.384995
379.378080
379.369974
379.363060
379.355907
379.335880
379.328012
375.344038
375.335217
375.328064
375.329971
375.516891
375.509977
375.485182
375.507116
375.464916
398.789883
378.767014
378.762007
378.757954
378.756046
378.753901
378.752947
378.748894
378.746033
378.741980
378.739834
374.338865
374.327898
374.321938
374.313831
374.306917
374.300003
374.293089
374.260187
369.877815
369.846106
369.840145
369.812965
369.796991
369.765997
369.992018
375.499964
366.252899
366.242170
366.230965
366.220236
366.184950
366.175890
366.152048
366.142035
366.132975
362.049818
362.234831
362.226963
362.209082
362.199068
362.188816
362.179995
362.138033
362.131119
358.406067
358.394861
358.335018
358.326912
358.318090
358.298063
358.286142
354.593992
354.575157
354.562998
354.552031
354.511023
354.475975
354.466200
350.574970
350.971937
350.965023
350.955009
350.949049
350.941181
350.910902
351.035118
383.821964
395.260811
354.655981
364.840984
380.564928
380.509138
375.525951
372.117043
366.997957
382.314920
372.208834
362.057924
362.069845
362.065792
362.058878
362.043142
362.118959
362.117052
362.112045
362.107992
358.523846
373.739004
358.475208
358.458996
358.516932
363.587141
358.499050
358.492851
354.076147
354.208946
354.203939
354.198217
354.192972
354.186058
354.180098
354.151011
354.145050
395.240068
379.956961
354.444981
349.833012
349.823952
349.801064
349.792957
349.783897
349.779129
349.871159
349.951029
350.007057
345.330000
345.320940
345.314980
345.303059
345.676899
345.669031
345.661163
345.735073
361.001015
361.146927
345.772028
382.273912
341.558933
341.546059
341.524839
341.660023
341.590166
341.583967
341.722965
341.657877
362.737179
343.971014
343.949795
343.932152
343.905926
343.878031
344.031811
339.186907
339.160919
339.155912
339.116096
339.109898
339.078903
339.244127
334.252834
334.247112
334.219933
334.199905
334.187031
334.179163
334.175110
349.573851
334.356070
329.885960
329.883099
329.878092
329.874039
329.864025
329.848051
329.930067
330.173969
330.190897
325.416088
325.388908
325.390100
325.479984
325.459957
325.438023
325.432062
361.277103
325.603962
346.515894
372.067928
346.584797
321.115017
321.113110
321.109056
321.126938
321.110010
321.107149
321.099043
321.160793
316.470146
316.442966
316.437960
316.524982
316.502094
316.467047
316.462994
342.132092
342.325926
337.601185
312.208891
312.318087
312.314034
312.311172
312.307835
312.305927
312.301159
312.527895
312.695980
307.979822
307.969093
307.924986
307.916880
307.913065
307.995081
307.972908
303.663015
303.653002
303.628206
303.580046
303.570986
303.575993
303.570986
298.959017
298.923016
299.073935
299.050808
299.021006
299.016953
299.015045
294.630051
294.624805
294.619083
294.610023
294.609070
294.595003
315.207958
305.348873
290.115833
290.106058
290.100098
290.029764
290.363073
285.589933
285.583019
285.508156
285.490990
285.492897
296.001911
287.391901
287.369967
287.365913
287.360907
287.356138
287.350893
287.498951
353.738070
348.740101
364.183903
359.126091
359.012127
369.257927
287.828922
287.824154
287.818909
328.777075
328.719139
298.188925
283.378124
283.349991
283.344984
283.296108
318.958044
313.868999
283.526897
283.417940
303.834915
278.643131
278.637886
278.616190
278.604984
278.589010
278.791904
273.885965
273.860931
273.853064
273.849010
273.844004
273.791075
273.844004
269.042015
269.016981
269.014835
269.007921
269.005060
268.983126
268.970013
268.959999
299.617052
264.245033
264.218092
264.211893
264.190912
264.172077
264.159918
264.153957
284.658909
330.526114
340.996027
335.906029
341.184139
295.128107
305.552006
336.384058
315.870047
320.848942
295.540094
310.867071
310.908079
275.412083
300.941944
285.728931
275.548220
275.662184
295.933962
265.689850
265.907049
261.134148
261.123896
261.108160
261.101961
261.076927
261.098862
261.081934



568.300962
568.287849
568.274021
568.265915
568.267107
568.243980
568.248987
573.570967
568.384171
568.999052
564.560890
564.474106
565.396070
565.384865
565.376043
565.373898
565.357924
565.346956
565.319061
565.397024
561.950922
561.926842
562.027931
562.013149
562.004089
561.975002
561.939001
561.918974
561.943054
562.695980
558.879852
560.081005
560.058117
560.190201
560.158014
560.130119
560.289860
560.282946
560.274839
560.384035
556.790113
556.771994
556.761980
556.754112
556.730032
556.709051
556.709051
556.777000
556.705952
556.893110
558.159113
558.150053
558.138132
558.130026
558.117867
558.110952
558.101892
558.093071
558.082104
558.074951
553.195953
553.189993
553.297997
553.241014
553.218126
553.207874
553.196192
553.188086
553.168058
553.189039
548.368216
548.357010
548.347235
548.337936
548.329830
548.339844
548.310995
548.332930
548.303843
548.298120
543.483973
543.470860
543.455124
543.452978
543.439150
543.431997
543.425083
543.416977
543.387175
543.408871
538.517952
538.506031
538.494110
538.484097
538.468838
538.462162
538.453102
538.435936
538.439989
538.461924
533.569098
533.553839
533.545971
533.533812
533.522844
533.514023
533.483982
533.655882
533.624887
533.905029
529.184103
529.200077
529.284954
529.275894
529.263973
529.256105
529.247999
529.243231
529.231071
529.222012
524.708986
524.697065
524.676800
524.668932
524.656057
524.749994
524.744034
524.729967
524.719954
524.709940
520.154953
520.145893
520.132065
520.421982
520.414829
520.406961
520.399809
520.384073
520.376921
520.499945
515.801907
515.790939
515.782833
515.784025
515.867949
515.817881
515.786886
515.779972
515.767813
515.976191
511.360168
511.351824
511.332989
511.321783
511.312962
511.310101
511.544943
511.473894
511.539936
506.904840
506.891966
506.901979
506.869078
506.865978
506.891966
506.938934
506.928921
507.045031
502.398014
502.363205
502.368927
502.360106
502.368927
502.361059
502.451897
502.424955
497.775078
497.779846
497.660875
497.706175
497.698069
497.691154
493.352175
493.335962
493.325949
493.313074
493.304014
493.276119
493.258953
493.353128
493.348122
493.453979
488.947868
488.907099
488.864183
488.849878
488.811970
488.806009
489.012003
484.401941
484.390020
484.369040
484.357119
484.348059
484.338999
484.318018
484.394789
484.833956
486.397028
486.372948
486.365080
486.361027
486.351013
486.346006
486.330032
486.324072
486.320972
491.616011
481.674910
481.667995
481.652975
481.629133
481.622934
481.601000
481.597185
481.587172
481.804132
476.948977
476.938009
476.941109
476.922989
476.922989
476.919889
476.918936
476.914883
472.183943
472.176075
472.170115
472.165108
472.157955
472.151995
472.144842
472.126961
472.121000
472.105980
467.221975
467.234135
487.682104
518.326044
513.355017
523.439169
497.979164
513.304949
508.202076
508.172035
498.141050
508.314133
508.386850
478.078842
484.322071
469.205856
469.295979
469.290018
469.244003
469.591856
469.458103
469.451189
469.825029
494.134188
479.035139
479.048967
479.048014
479.045153
479.027987
479.017973
479.165077
479.012966
479.055882
479.163170
474.089146
474.334002
474.325895
474.317074
474.391937
474.307060
474.277020
474.353075
474.263906
474.308968
469.537020
469.528913
469.383001
469.508171
469.541073
469.501019
469.496965
469.484091
469.552040
515.316010
469.521999
464.984894
464.980125
464.943171
464.919806
464.905977
464.962959
464.900970
464.897871
464.943886
460.113049
460.072994
460.044146
460.151911
460.021973
460.083008
455.333948
455.308914
455.119133
455.346107
455.314875
455.312967
455.359936
455.283880
455.332994
468.314886
473.441124
463.274002
458.497047
458.493948
458.491087
458.490133
458.487988
458.484173
458.481073
458.476782
458.445072
453.907967
453.904152
453.901052
453.899145
453.896999
453.891993
453.891039
453.888178
453.877926
449.146986
449.137926
449.108124
449.100971
449.079990
449.065924
449.064016
449.054956
444.334030
444.325924
444.315910
444.310904
444.298983
444.295883
444.293022
444.279909
459.738016
454.632044
449.614048
449.698925
444.534063
444.553137
478.772879
478.677034
478.625059
448.940039
448.932886
448.925972
448.919058
448.912859
448.906898
449.048042
448.894978
449.131012
444.499016
444.488049
444.499969
444.628000
444.621086
444.600105
444.623947
444.595098
440.245152
440.325022
440.369129
440.314054
440.306902
440.301895
440.293074
440.409899
440.512180
435.916901
435.904980
435.900211
436.010122
435.986042
435.970068
435.964108
436.079979
431.479216
431.468964
431.457996
431.449890
431.450129
431.529999
431.524038
431.518078
431.622028
427.143812
427.134991
427.128077
427.122116
427.114010
427.106857
427.054882
427.070141
427.236080
422.719002
422.706127
422.688961
422.681093
422.655106
422.638893
422.636032
422.724009
422.859907
418.159008
418.128967
418.107033
418.106079
418.181896
418.164968
418.158054
418.153048
418.263912
413.774014
413.763046
413.706064
413.699150
413.774967
413.677931
413.830996
413.803101
409.270048
409.262180
409.365892
409.358025
409.353018
409.346104
409.337997
409.637928
405.140877
405.131102
405.115843
405.109882
405.086040
412.021160
414.760828
409.962893
409.956932
409.955025
409.933090
409.932137
409.930229
409.929037
409.903049
465.870857
460.877895
460.768938
455.867052
450.813055
450.751066
445.806980
440.773964
430.609941
425.531149
420.407057
415.462971
415.440083
415.440083
405.539989
405.537128
405.533791
405.528069
405.523062
405.519009
405.514002
405.511856
405.501127
405.499935
410.742044
421.058893
410.861969
435.405016
447.595119
414.196014
414.184809
414.196968
414.174080
414.167166
414.158821
414.150000
414.967060
414.953947
415.102005
411.080122
411.072016
411.063910
411.059141
411.231041
411.211014
411.333084
411.199093
411.190987
411.278963
406.936884
408.017874
408.010006
408.004045
408.000946
407.949924
408.510923
408.480883
408.395052
408.393860
408.975840
408.964872
408.938885
408.933163
408.925772
408.917904
408.917904
409.029007
409.142971
409.090996
404.547930
404.545069
404.670954
404.663086
404.655933
404.753923
404.636145
404.628992
404.623032
404.829979
400.146008
400.135040
400.129080
400.122166
400.109053
400.117159
400.220156
400.214195
400.207996
400.304079
395.658016
395.648003
395.742893
395.735025
395.739079
395.733118
395.727873
395.711899
395.705938
395.927906
391.236067
391.347885
391.332150
391.326904
391.319990
391.305923
391.289949
391.264915
391.409159
386.840105
386.811018
386.803865
386.773109
386.763811
386.868954
387.125015
382.256985
382.246017
382.236958
382.236004
382.333040
382.324934
382.318974
382.310152
382.302999
382.791042
377.867937
377.861023
378.655910
378.641129
378.633976
378.626823
378.610849
378.581047
378.723860
394.088030
389.615059
389.545918
389.605999
379.425049
376.841068
376.810074
376.801014
376.772881
376.767874
376.776934
376.770020
376.811981
376.936913
376.899004
372.616053
373.062134
373.044014
373.035908
373.116016
373.132944
373.124123
373.106003
373.106956
373.843908
369.624138
369.614124
369.606018
369.744062
369.737864
369.714022
369.699001
369.691133
369.684935
370.228052
367.273092
367.264986
367.241144
367.216110
367.211103
367.609978
367.573977
367.568970
367.594957
368.236065
364.455938
364.445925
364.437103
364.427805
364.377975
364.356995
364.346981
366.437912
366.358995
366.457939
362.822056
362.813950
362.805128
362.797976
362.790108
362.900019
362.895012
362.888098
362.869978
358.489037
358.477831
358.469963
358.460903
358.438015
358.433008
358.424902
358.532906
358.527899
355.264902
355.252981
355.247974
355.242014
355.235100
355.213165
355.206013
355.190992
355.182886
355.344057
365.567207
360.863209
354.124069
354.117870
354.111910
354.108810
354.105949
354.079008
354.109049
354.080915
354.074955
354.072094
350.140810
350.128889
350.121021
350.384951
350.379944
350.365877
350.360870
350.356102
350.332022
345.593214
345.582008
345.572948
345.529079
345.522165
345.507145
345.500946
345.489979
345.697165
341.226816
341.218948
341.210127
341.202021
341.194153
341.289043
341.282129
341.274023
341.260910
341.251135
336.685896
336.677074
336.648941
336.662054
336.654902
336.735964
336.705208
336.696863
332.327127
332.321882
332.342863
332.337141
332.328796
332.364082
332.356930
327.887058
327.857018
327.850103
327.843189
327.942133
327.917814
327.882051
323.383093
323.369980
323.472023
323.465109
323.455811
323.448896
323.442936
323.406219
323.398829
318.803072
318.771839
318.921804
318.912029
318.904161
318.909883
318.907022
318.907976
318.910837
318.685055
319.840908
319.805861
319.808006
319.808960
319.810867
319.710016
319.745064
315.293074
315.292120
315.274000
315.257072
315.289021
315.258026
315.248013
315.301180
315.259933
377.300978
372.374058
326.724052
326.711893
326.725960
326.725006
362.401009
326.742172
326.766968
326.765060
362.403870
326.781034
357.491016
357.474089
357.597828
352.638960
352.588177
352.570057
347.645998
322.425127
322.430134
322.458982
337.679148
322.444916
337.474108
322.419882
322.422981
332.841158
317.595005
317.586899
317.583084
317.578793
317.541122
317.531109
317.528009
312.775135
312.767029
312.680006
312.669039
307.948112
307.939053
307.934046
307.929993
307.927847
307.922125
307.916164
307.912111
307.897091
307.890892
303.180933
303.146839
303.142071
303.138018
303.132057
303.101063
303.097010
298.450947
298.408985
298.405886
298.403025
298.397064
298.393011
298.382044
298.377037
293.692827
293.917894
293.912888
293.908834
293.905973
293.902159
293.898106
293.871164
293.865919
288.978100
288.970947
288.965940
288.940907
288.928986
304.574966
299.621105
314.841032
345.766068
325.332165
320.265055
315.248966
285.198927
285.191059
285.149813
285.119057
285.108089
285.101891
285.094023
280.618906
280.610085
280.566931
280.560017
280.552149
280.544996
280.528069
280.645847
275.866032
275.860071
275.853157
275.851011
275.865793
275.862932
275.973082
275.955915
271.699905
271.691084
271.682024
271.674871
271.644115
271.652937
271.627903




569.900990
569.875956
569.869041
569.846153
569.832087
610.970974
590.574980
565.968037
565.958023
570.927143
565.971851
565.962076
565.955877
565.935135
566.032171
566.446781
571.511030
571.411848
566.433191
561.833143
561.806202
561.796904
561.791182
562.129974
562.123060
562.089920
567.359924
562.271118
557.672977
557.698965
557.688951
557.668209
557.674885
557.667017
557.629824
557.621956
558.033943
553.296089
553.388834
553.379059
563.641071
553.361893
553.350925
553.342819
553.309917
553.300858
563.574076
553.903103
549.160957
549.159050
549.149990
549.142122
549.134970
549.108028
549.101114
549.493074
549.983978
545.039892
545.030117
545.840979
545.833111
555.944920
560.992002
545.819044
545.810938
545.802832
545.871973
546.212912
546.281099
541.922092
541.899920
541.893005
541.928053
541.876078
541.867971
541.849852
542.963028
543.053150
543.030977
539.167881
539.156914
539.147139
539.138079
539.109945
539.100885
539.090872
539.072990
539.062023
544.049025
544.041157
543.993950
543.987036
543.958902
543.951988
544.037819
544.183969
539.150953
539.139986
539.132118
539.113998
539.093018
539.083004
539.072990
539.063931
539.170980
534.234047
534.221888
534.213066
539.201021
534.184933
534.161806
534.152985
534.105062
534.281969
529.282093
529.242992
529.235125
529.227972
529.219866
529.214144
529.206038
529.187202
529.176950
529.170036
524.981976
524.972916
524.963140
524.954081
524.945974
525.016069
525.008917
525.001049
524.985075
525.181055
520.546198
520.534039
520.508051
520.499945
520.591021
520.573854
520.545006
520.538092
520.685911
516.026974
516.014814
516.006947
516.013145
516.016960
516.153097
516.146898
516.140938
516.124964
516.251802
511.892080
511.893034
511.994123
511.968851
511.996031
511.987925
511.975050
512.123823
507.297993
507.287025
507.256031
507.248878
507.237911
507.256985
507.250071
512.490034
507.445097
507.467985
553.639174
568.886995
502.942085
503.530979
503.504992
503.499985
549.487114
549.475908
539.246798
524.112225
503.746033
506.938934
507.898092
543.694019
518.285036
503.214121
503.202915
503.185034
503.177166
503.216982
503.160954
503.154039
503.152132
503.205061
503.349066
498.460054
513.612986
498.434067
508.717060
498.510838
498.507023
498.498917
498.474836
498.582125
498.565912
493.607044
493.593931
493.557930
493.584156
493.542910
493.563890
493.494987
493.747950
493.611097
493.678093
489.399910
489.372015
489.449024
489.423037
489.413977
489.540815
489.515066
489.439964
484.993935
484.965801
485.068083
485.060930
485.030174
485.105038
485.064983
510.679960
485.055208
500.777006
511.024952
501.219988
485.908985
481.357813
481.235981
481.277943
481.235981
481.235981
481.273890
481.337070
482.736111
478.101015
478.088856
478.079081
478.014946
477.972984
474.210024
474.189043
474.179983
474.143028
474.100113
474.092960
494.870901
484.504938
489.831924
479.548931
479.500055
485.014915
479.824781
470.785141
470.813990
470.768213
470.789909
470.746994
470.777988
470.746994
470.739126
470.721006
470.712900
496.567011
481.248856
466.817856
466.807127
466.800213
466.792107
466.785908
471.220016
471.179962
471.172094
471.266985
481.416941
481.383085
481.372118
481.333017
492.649078
472.707033
472.693920
472.684860
472.676039
472.665071
472.647905
472.637892
472.630024
472.620010
472.609997
467.896938
467.888117
467.879057
467.867851
467.860222
467.849970
467.831850
467.821836
467.815161
462.960005
462.944984
462.905884
462.897062
462.888956
462.814093
462.884903
462.850094
457.937002
457.927942
457.917929
457.913876
457.885027
454.299927
454.288006
454.275846
453.027964
453.011990
453.002930
453.073978
451.463938
451.452017
458.037853
458.127975
453.567028
453.542948
453.536034
453.526974
453.592062
453.496933
453.520060
455.795050
455.971956
451.143026
451.682806
451.629162
451.610088
451.600075
451.593876
451.568127
446.908951
446.881056
446.855068
446.882010
446.855068
446.844101
446.821928
446.843863
446.829796
442.219973
442.211151
442.177057
442.168951
442.158937
442.135811
442.135811
442.128181
462.712049
447.577000
473.010063
472.928047
468.021154
437.796116
437.788010
437.739134
437.777996
437.737942
437.691927
437.965870
458.409071
433.238983
433.239937
433.403969
433.393955
433.385849
433.363914
433.357000
433.331013
433.352947
428.750992
428.739071
428.728819
428.676128
428.714037
428.667068
423.859119
423.849821
423.820972
423.813820
423.805952
423.784018
423.773050
423.764944
454.191923
489.692926
479.700089
469.552040
444.175959
444.193840
436.357975
456.677914
426.270962
431.424856
431.401968
441.395998
457.902193
442.764997
427.637100
432.756901
468.944073
433.668137
443.594933
424.145937
424.139977
424.126863
424.118996
424.110174
424.102068
424.093962
424.086094
424.078941
424.229860
420.053959
420.042038
420.032978
420.006037
420.030832
420.006037
419.998884
419.991016
419.982910
421.027899
417.701960
417.688131
417.976856
417.971134
417.964935
417.958975
418.148994
428.958893
428.946018
428.940058
428.891182
428.848982
428.839922
434.081078
429.023981
424.048901
424.049139
424.042940
424.036026
424.027920
424.230814
419.167042
419.139862
419.129133
419.121027
419.111013
419.101000
419.077873
414.149046
419.355869
414.146900
414.140224
414.119005
414.110899
414.103985
414.287090
409.187078
409.161091
409.145117
409.136057
409.129858
409.121037
409.114122
409.104824
409.096956
404.322863
404.300213
404.321909
404.299974
404.291153
404.283047
404.275894
404.262066
404.254913
404.454947
399.441004
399.430037
399.423122
399.413824
399.407148
399.385929
399.372101
399.364948
399.564981
394.641876
394.632101
394.622087
394.614935
394.618034
394.606113
394.577026
394.569874
394.679070
430.259943
425.235987
430.385113
430.330038
389.744043
389.768124
389.744043
389.736891
389.728069
389.719963
389.712811
389.695168
389.684916
436.064959
436.100006
428.976059
403.418064
429.031849
423.964024
388.839006
388.831139
388.854980
388.848066
388.833046
429.790974
424.608946
419.610023
394.330978
389.151096
389.145136
389.138937
389.199018
389.269114
420.107126
385.575056
385.567904
385.560989
421.252012
385.560989
385.555029
385.549068
385.540962
416.145086
385.681868
400.962830
385.579109
386.184931
381.828070
382.352829
382.327080
382.321835
382.314920
382.308006
382.326126
382.320881
382.318974
382.619143
378.426075
378.429890
378.422976
378.416061
378.408909
378.401995
378.394127
378.370047
378.370047
378.934145
374.814987
374.821901
374.796152
374.771833
375.161171
375.340939
378.966808
378.982782
379.076004
379.121065
374.338865
374.325991
374.318123
374.292850
374.286175
374.375105
374.367952
374.360085
374.352932
374.640226
370.126963
370.116949
370.102882
370.102882
370.190144
370.180845
370.173931
370.167971
370.457888
370.501041
365.711927
365.712881
365.803957
365.796089
365.788937
365.767002
366.051912
366.070986
361.392021
361.387014
361.380100
361.473083
361.464977
361.459970
361.738920
356.791019
356.778860
356.862068
356.843948
356.837034
356.829882
356.822968
356.813908
357.119083
357.146025
352.456093
352.447033
352.451086
352.424860
352.415085
352.470160
352.463007
352.778912
347.993135
347.982883
347.975016
347.966909
347.959995
348.039150
348.005056
347.995996
350.145102
345.234871
355.493069
355.471134
347.296953
347.321987
347.283840
347.279072
347.273111
347.236872
347.228050
347.351074
367.725134
367.715120
367.866993
347.395182
342.550993
342.527866
342.519999
342.512846
342.472076
342.453957
342.447996
342.592001
342.582941
337.656975
337.645769
337.636948
337.615013
337.641954
337.600946
337.592125
337.568998
337.645054
337.620974
332.708120
332.673073
332.643032
332.633972
332.710981
332.607031
332.691908
332.612038
332.695007
333.153963
328.555107
328.547001
328.680038
328.602076
328.577995
328.651905
328.555107
328.853846
328.831196
354.301929
375.336885
375.454903
329.658985
345.286846
325.073957
325.037003
325.029850
325.022936
325.014830
325.028896
324.985981
326.081038
326.178074
326.055050
321.089029
321.148157
321.134806
321.130991
321.096897
321.089029
321.083069
321.065903
321.058989
321.204901
316.322088
316.394091
316.367865
316.359997
316.351891
316.344976
316.310167
316.673994
311.948061
311.939955
311.931849
311.923027
311.970949
311.963081
311.956882
311.943054
312.312126
307.474136
307.465076
307.440042
307.430983
307.415962
307.410002
307.397842
307.394028
307.750940
302.923918
302.930117
302.922964
302.951813
302.943945
302.938223
302.926064
303.282022
298.334837
298.341036
298.333883
298.321009
298.325062
300.886869
311.233997
301.028967
301.126003
301.054001
306.249142
301.142931
296.299934
296.289206
296.266079
296.240091
296.231985
296.224117
296.206951
296.199083
296.329021
291.434050
291.449070
291.440010
291.414976
291.405916
291.399002
291.384220
291.376114
291.467905
317.237854
307.253122
322.541952
292.003155
322.546005
299.163818
289.719820
289.710999
289.688110
289.680958
289.674044
289.649010
289.608002
290.031910
285.263062
285.238981
285.229921
285.222054
285.145044
291.993856
292.067051
281.902075
281.899214
281.867981
281.861067
287.023067
286.968946
281.923771
281.869888
281.869888
283.001184
283.138037
283.096075
288.501024
278.754950
278.745890
278.739929
278.733015
288.900852
278.719902
278.663874
289.275885
279.153824
274.748087
274.739981
274.733067
274.719954
274.713039
274.717093
274.710894
279.783964
279.805183
279.786110
274.857998
274.945021
274.984121
270.471096
270.462990
270.461082
270.546913
270.534039
270.527124
270.500898
270.487070
273.116827
268.239975
268.232107
273.231030
268.250942
268.242836
268.234968
268.218994
268.203020
268.363953
268.338919
268.492937
264.091969
264.082909
264.056206
264.048100
264.037848
264.030933
264.117956
264.109850
259.805202
259.799004
259.831905
259.825945
259.819984
259.909153
259.903908
259.896994
259.881020
255.311966
255.304098
255.279064
255.224943
255.216122
250.642061
250.632048
250.626087
250.622034
250.723124
250.715971
250.709057
250.692129
